#kic fratio(Kepband) log10(T1) log10(T2) logg1 logg2
10000490 7.936171e-02 4.0417 3.8571 3.94 4.24
10031409 7.749579e-01 3.8035 3.7931 4.35 4.40
10031808 8.708500e-01 3.8256 3.8098 3.81 3.80
10074700 1.081012e-02 3.7299 3.6577 3.43 4.65
10155080 2.460190e-01 3.8831 3.8070 4.18 4.38
10156064 2.778779e-01 3.9260 3.8289 4.17 4.25
10215422 6.394183e-02 3.7573 3.6280 4.34 4.64
10215869 7.542740e-03 3.7721 3.5204 4.38 4.35
10258558 5.578921e-01 3.7925 3.7723 4.33 4.47
10259029 2.708789e-02 3.5930 3.4607 4.54 4.55
1026032 9.111282e-02 3.8042 3.7157 4.12 4.60
10264202 2.611596e-01 3.7766 3.7117 4.39 4.57
10268903 3.760826e-01 3.5961 3.5580 4.71 4.81
10274244 1.111448e-02 3.7470 3.5385 4.52 4.94
10275074 9.549308e-01 3.7991 3.7959 4.23 4.23
10292238 3.321056e-01 3.7849 3.7623 4.12 4.45
10294608 5.933341e-01 3.8444 3.8145 4.31 4.37
10296163 2.377693e-02 3.8223 3.6227 4.30 4.70
10330495 8.472356e-03 3.7137 3.5753 3.74 4.73
10352603 1.059213e+00 3.7896 3.7865 4.02 3.99
10383696 1.271082e-01 3.7229 3.5849 4.38 4.36
10385682 8.641822e-01 3.7526 3.7545 4.13 4.19
10420279 7.842587e-01 3.7583 3.7493 4.38 4.43
10454401 9.395254e-01 3.7460 3.7414 4.46 4.46
10483644 1.691812e-02 3.7895 3.5710 4.43 4.76
10491554 8.851508e-01 4.3401 4.3321 4.40 4.42
10581918 1.565264e-01 3.9484 3.7420 4.10 4.04
10601579 7.881893e-01 3.7979 3.7860 4.04 4.08
10651945 9.268527e-02 3.7757 3.6577 4.33 4.65
10686876 3.555868e-02 3.9698 3.7510 4.17 4.51
10735564 8.920177e-02 4.0501 3.8436 4.11 4.29
10736223 1.455716e-01 3.9486 3.7399 4.23 4.17
10849244 1.006714e+00 3.7906 3.7908 4.39 4.39
10857589 6.366433e-02 3.7713 3.7468 3.69 4.58
10923260 4.083946e-03 3.7948 3.5339 4.48 4.97
10935310 4.943585e-02 3.7714 3.6137 4.38 4.70
10965963 5.150528e-01 3.7931 3.7864 4.10 4.33
10987439 1.630030e+00 3.8066 3.8795 4.21 4.34
11073223 2.399435e-01 3.7428 3.7054 4.20 4.53
11147276 2.165264e-01 3.7969 3.7246 4.33 4.57
11198723 9.319100e-02 3.7780 3.6673 4.33 4.59
11228612 9.317483e-02 3.7579 3.6395 4.35 4.62
11232745 4.938555e-01 3.7370 3.6963 4.56 4.63
11233911 3.006264e+00 3.7459 3.7239 4.44 3.91
11235323 1.928431e+00 3.8587 3.7520 4.08 3.43
11250867 3.630135e-02 3.8198 3.6311 4.37 4.61
11252617 1.244550e-02 3.7882 3.5889 4.15 4.79
11287726 1.655341e-01 3.7376 3.6525 3.97 4.02
11403216 4.078832e-03 3.7653 3.5227 4.20 4.79
11409698 2.757403e-02 3.7899 3.6096 4.26 4.67
11506235 2.723157e-02 3.8001 3.6268 4.29 4.84
11615481 9.822891e-01 3.7660 3.7676 4.19 4.20
11616200 2.680804e-02 3.7863 3.6261 4.12 4.64
11619964 7.014297e-02 3.7855 3.6339 4.47 4.69
11656302 1.659322e-03 3.7203 3.5261 3.75 4.93
11671429 2.370474e-01 3.8726 3.8579 3.74 4.18
11704044 8.810442e-01 3.7370 3.7299 4.56 4.58
11769146 4.021064e-01 3.8706 3.8134 4.48 4.57
11811454 1.993288e-01 3.7748 3.7987 3.75 4.44
11817750 2.900893e-01 3.8428 3.8146 4.06 4.39
11826400 1.264463e-03 3.8502 3.5346 4.18 4.90
11858541 1.317222e-01 3.7826 3.6784 4.03 4.31
11867071 2.927254e-03 3.7995 3.5350 4.20 4.87
11873166 3.257508e-01 3.8215 3.7749 4.30 4.52
11906217 6.756985e+00 3.5689 3.6725 4.67 4.62
11922782 1.682239e-01 3.8172 3.7441 4.17 4.48
11923819 1.068743e+00 3.8727 3.8798 4.21 4.22
11959569 1.999770e+00 3.7746 3.7095 4.29 3.74
11966557 2.107635e-01 3.7875 3.7344 4.20 4.56
11967004 5.920955e-03 3.7941 3.5455 4.36 4.88
12013615 3.810140e-01 3.7923 3.7746 4.10 4.38
12017140 1.149292e-03 3.7846 3.5032 4.36 5.05
12164634 2.129231e-03 3.8069 3.5392 4.11 4.89
12208887 1.843706e-01 3.7480 3.6527 4.50 4.64
12216706 1.217070e-02 3.8045 3.5608 4.12 4.20
12217907 6.415555e-02 3.7879 3.6775 4.12 4.63
12251779 3.847559e-03 3.7714 3.5371 4.17 4.90
12306808 9.119779e-01 3.7766 3.7824 4.09 4.16
12356914 6.097394e-02 3.7751 3.6274 4.37 4.66
12459731 2.139263e-01 3.7701 3.6573 4.41 4.45
12470530 2.607626e-01 3.6923 3.6007 4.60 4.60
12557713 2.150424e-02 3.6859 3.5256 4.62 4.95
12644769 1.583894e-02 3.6209 3.4885 4.65 5.05
2162994 4.747369e-01 3.8077 3.7960 4.11 4.33
2305372 2.438065e-01 4.0234 3.7591 4.20 3.86
2305543 4.894697e-01 3.7863 3.7623 4.30 4.47
2306740 4.490694e-01 3.7849 3.7799 4.07 4.33
2442084 2.334389e-01 3.6161 3.5526 4.66 4.78
2998124 2.854269e-03 3.8119 3.5392 4.24 4.89
3241344 2.234536e-02 3.7970 3.5864 4.46 4.76
3335816 7.791876e-02 3.8179 3.7332 4.04 4.66
3341934 5.239408e-02 3.8199 3.6998 4.08 4.60
3348093 1.381544e+00 3.6207 3.6385 4.67 4.66
3427776 2.064607e-02 3.7480 3.5521 4.52 4.83
3439031 1.010242e+00 3.8200 3.8201 4.23 4.22
3442054 2.055784e-03 3.8385 3.5724 3.91 4.81
3543270 9.333141e-02 3.7950 3.7526 3.84 4.51
3654950 3.053324e+00 3.7596 3.7666 4.35 3.99
3848919 8.800384e-01 3.9004 3.8864 4.38 4.37
3973504 5.437873e-02 3.7428 3.5858 4.47 4.67
4042026 2.031991e-03 3.7199 3.5481 3.60 4.82
4157488 9.181346e-01 3.8775 3.8806 3.98 4.02
4275739 1.204144e-01 3.7828 3.6867 4.29 4.60
4281895 2.523717e-01 3.7832 3.7117 4.46 4.62
4352168 1.337400e-01 3.7592 3.6539 4.44 4.64
4375101 1.022873e+00 3.7628 3.7641 4.25 4.24
4678171 3.865356e-01 3.6899 3.6341 4.63 4.67
4815612 4.418551e-01 3.7999 3.7626 4.36 4.51
4839180 2.447211e-01 3.8040 3.7526 4.24 4.55
4840818 2.227706e-01 3.8156 3.7455 4.28 4.52
5003117 6.795642e-04 3.7485 3.4832 4.05 4.96
5080652 3.447362e-01 3.8937 3.8292 4.30 4.43
5091614 2.933817e-01 3.8815 3.8129 4.34 4.51
5115178 6.800130e-02 3.7807 3.6331 4.16 4.37
5263802 8.023556e-01 3.8259 3.8229 4.13 4.20
5285607 4.429450e-01 3.8246 3.8143 3.98 4.22
5384802 2.757113e-01 3.7947 3.7609 4.13 4.48
5444392 1.090961e+00 3.7737 3.7553 4.06 3.95
5700330 5.328196e-03 3.7536 3.5613 3.87 4.74
5728283 2.463738e-03 3.7903 3.5502 3.93 4.85
5730394 2.108438e-01 3.7726 3.7590 3.92 4.45
5876805 6.977082e-03 3.7276 3.5524 3.93 4.78
5979863 1.310094e-03 3.7478 3.4823 4.59 5.13
5983348 6.560379e-03 3.7931 3.5570 4.20 4.79
6063448 7.789456e-03 3.8527 3.6160 4.06 4.68
6185717 3.109310e-02 3.7882 3.5960 4.43 4.70
6220470 9.728327e-03 3.8604 3.6608 3.93 4.64
6227560 2.798637e-01 3.7205 3.6472 4.55 4.63
6231401 2.481422e-01 3.8394 3.7762 4.19 4.43
6431670 9.914629e-01 3.7175 3.7171 4.49 4.49
6449358 1.074850e-02 3.8480 3.6347 4.05 4.65
6468938 2.213721e-01 3.8108 3.7464 4.26 4.53
6522750 2.732754e-01 3.7746 3.7130 4.38 4.58
6523216 9.345192e-04 3.8021 3.5474 3.83 4.98
6546508 3.021397e-01 3.7614 3.7410 4.14 4.52
6607610 5.502390e-03 3.6730 3.5551 3.40 4.69
6672229 1.043575e+00 3.7418 3.7426 4.30 4.29
6707942 1.538528e-03 3.6730 3.4509 4.63 5.19
6762829 9.028617e-04 3.7538 3.5081 3.94 4.96
6766748 1.928494e-01 3.8293 3.7538 4.26 4.54
6781535 2.609583e-01 3.7955 3.7601 4.11 4.46
6877673 2.344331e-01 3.7940 3.7719 3.99 4.44
6939670 9.128059e-02 3.7774 3.6565 3.97 4.20
6947666 1.294538e-03 3.7664 3.5001 4.24 4.99
6965293 6.592327e-01 3.8031 3.7986 4.15 4.28
7009828 4.883285e-01 3.7669 3.7356 3.98 4.10
7024530 1.194629e-02 3.7478 3.5300 4.56 4.86
7025851 6.743019e-01 3.7800 3.7676 4.36 4.46
7121885 4.434108e-02 3.7793 3.6475 4.12 4.65
7136958 8.240131e-02 3.7646 3.6696 4.13 4.63
7200102 1.165803e+00 3.7203 3.7271 4.48 4.46
7212722 1.164414e-01 3.8629 3.7495 4.24 4.54
7257373 8.272022e-01 3.8005 3.8032 4.07 4.16
7541502 2.337633e-02 3.7253 3.5487 4.58 4.92
7597703 1.236732e+00 3.7882 3.7713 4.15 4.00
7732791 1.118314e+00 3.6219 3.6281 4.65 4.65
7751562 1.937743e-03 3.7763 3.5245 4.06 4.90
7838639 5.369742e-01 3.8033 3.7811 4.27 4.41
7846730 2.087756e-01 3.8312 3.7881 4.08 4.49
7943602 2.980698e+01 3.8117 3.7287 4.52 2.96
7950775 1.728375e-01 4.0732 3.7999 4.54 4.24
7970629 6.398747e-01 3.8112 3.8015 4.21 4.34
7970760 9.487814e-02 3.8079 3.7182 4.12 4.60
8023317 1.288839e-03 3.7629 3.5140 3.94 4.88
8128965 1.010099e-01 3.7710 3.7065 4.04 4.55
8177798 3.458124e-01 3.8676 3.8276 4.02 4.24
8210721 2.000119e-03 3.7355 3.4989 4.09 4.87
8229048 7.510716e-02 3.8481 3.7563 4.04 4.64
8264097 2.210274e-02 3.7441 3.5462 4.47 4.43
8285254 6.456215e-02 3.7925 3.6573 3.90 4.22
8301013 6.045388e-01 3.7922 3.7778 4.23 4.35
8302455 1.077210e+00 3.7745 3.7763 4.36 4.34
8345358 8.686620e-02 3.7840 3.6818 4.21 4.61
8356054 6.008899e-01 3.7339 3.7040 4.57 4.62
8378922 9.707339e-01 3.8973 3.8946 4.18 4.18
8411947 5.438045e-01 3.7113 3.6690 4.36 4.35
8414159 4.686359e-02 3.7721 3.6146 4.34 4.69
8415863 1.347219e-02 3.7614 3.5446 4.46 4.71
8445775 1.018282e+00 3.7787 3.7796 4.57 4.56
8488876 7.669919e-04 3.8377 3.5218 4.05 4.89
8491745 1.447677e-02 3.7196 3.6202 3.69 4.65
8504570 7.245320e-01 3.8768 3.8083 4.19 4.00
8509346 1.047227e-02 3.8354 3.5667 4.09 4.17
8543278 4.184394e-01 3.7298 3.6782 4.59 4.64
8560285 2.407922e-03 3.7754 3.5257 4.14 4.91
8569819 1.490310e-01 3.8585 3.7734 4.14 4.48
8574270 3.548962e-02 3.7365 3.5347 4.43 4.41
8580438 4.823557e-03 3.7646 3.5323 4.19 4.82
8581658 1.019869e-01 3.8323 3.7053 4.28 4.52
8605074 2.821855e-03 3.7651 3.5346 4.13 4.95
8610483 8.582652e-01 3.8129 3.8117 4.12 4.17
8618226 4.793237e-02 3.7629 3.6294 4.19 4.62
8668810 7.012630e-02 3.6956 3.5537 4.55 4.57
8690001 1.591677e+00 3.7992 3.7840 4.21 3.96
8879427 3.723135e-03 3.7686 3.5289 4.20 4.88
8892720 2.750270e-03 3.7623 3.5313 3.97 4.82
8957954 9.075956e-01 3.8039 3.8010 4.33 4.35
9048145 1.401176e-03 4.0489 3.6227 4.14 4.80
9098810 1.006271e+00 3.7341 3.7345 4.57 4.57
9110346 5.894205e-01 3.7977 3.7766 4.45 4.57
9412462 1.382380e+00 3.7916 3.7554 4.09 3.82
9474222 2.987147e-03 3.8231 3.5419 4.26 4.86
9665503 1.867308e-01 3.7575 3.6684 4.44 4.64
9714123 3.874615e-03 3.7614 3.5177 4.50 5.00
9714358 1.812143e-02 3.6974 3.5136 4.52 4.50
9775253 3.601312e-01 3.5863 3.5481 4.69 4.80
9777090 1.642166e-01 3.6095 3.5308 4.52 4.55
9786017 5.595455e-02 3.8041 3.7942 3.49 4.47
9838060 9.719584e-03 3.7328 3.5238 4.52 4.92
9839062 5.028559e-03 3.7818 3.5444 4.34 4.95
9873869 2.714261e-02 3.7875 3.6101 4.35 4.67
9881258 3.773662e-01 3.7932 3.7817 4.05 4.37
9944421 7.737282e-01 3.7184 3.7006 4.40 4.41
9965206 1.020390e+00 3.7140 3.7151 4.57 4.56
10001167 5.427186e+01 3.7902 3.6963 4.34 2.38
10015516 8.155189e+00 4.0057 3.8268 4.21 2.78
10020423 5.927883e-03 3.7589 3.5226 4.47 4.92
10026136 8.993143e-01 3.8590 3.8676 3.92 3.99
10026457 2.128880e-01 4.0210 3.7557 4.22 3.91
10063044 5.375548e-01 3.8443 3.8633 3.84 4.16
10091257 1.432211e+00 3.7828 3.7930 4.38 4.29
10095512 2.155670e-01 3.8078 3.7140 4.16 4.35
10129482 8.009852e-02 3.8142 3.6700 4.52 4.79
10191056 7.345272e-01 3.8227 3.8181 4.02 4.11
10198109 4.726959e-03 3.7771 3.5321 4.36 4.91
10208759 1.583371e+00 3.8466 3.8300 3.99 3.77
10257903 7.720085e-02 3.7910 3.6795 4.20 4.64
10287248 7.360209e-03 3.7716 3.5659 4.54 5.09
10332789 5.165250e-03 3.7681 3.5323 4.26 4.85
10345862 5.972232e-02 3.8051 3.7112 4.00 4.60
10346522 3.877929e-01 3.9586 3.7915 3.59 3.36
10363300 3.678258e-01 3.8012 3.7848 4.10 4.40
10462826 2.964356e-02 3.8121 3.6288 4.31 4.65
10480952 9.596592e-01 3.9515 3.9471 4.33 4.33
10487119 5.670936e-01 4.0008 3.9570 4.32 4.40
10489521 3.363326e-01 3.7917 3.7485 4.28 4.49
10491031 9.216174e-01 3.8053 3.8000 4.13 4.14
10518735 7.820673e-01 3.7213 3.7079 4.56 4.58
10547685 8.056729e-01 3.9493 3.9343 4.34 4.37
10549576 2.721102e-02 3.9089 3.7554 3.98 4.67
10583181 9.604973e-02 4.0501 3.8951 4.10 4.48
10592163 5.304903e-02 3.9015 3.6906 4.34 4.48
10616829 4.816100e-02 3.8587 3.7563 3.84 4.49
10619109 2.080893e-01 4.0301 3.7701 4.00 3.74
10677186 4.279762e-03 3.7657 3.5678 3.91 4.91
10711551 4.757672e-01 3.8480 3.8101 4.34 4.46
10711913 2.348527e-01 3.7613 3.7487 4.01 4.52
10743600 3.317244e-02 3.8378 3.6652 4.22 4.68
10751515 1.688318e-01 3.7365 3.7308 3.87 4.47
10753734 5.874610e-01 3.7790 3.7579 4.38 4.49
10794242 1.609302e-02 3.8256 3.6199 4.24 4.63
10857342 1.084234e-01 4.0538 3.7463 3.88 3.73
10879213 6.312515e-01 3.6698 3.6366 4.60 4.58
10909274 9.780636e-01 3.8099 3.8102 4.11 4.12
10920813 2.468139e+00 3.8338 3.7204 3.88 3.03
10936427 1.188226e+00 3.7902 3.7151 4.07 3.69
10937609 2.020656e-01 3.8186 3.7390 3.85 4.14
10960995 4.575114e-01 3.7243 3.6857 4.48 4.57
10979716 1.808202e-01 3.6262 3.5335 4.59 4.59
10992733 3.920426e-01 3.7428 3.7069 4.32 4.51
11071207 1.105162e+00 3.8102 3.8091 4.12 4.08
11076279 2.470230e-01 3.8997 3.7662 4.06 4.08
11200773 3.178756e-03 3.7781 3.5232 4.20 4.82
11234677 6.462361e-03 3.7933 3.5778 4.07 4.85
11249624 1.132984e+00 4.1257 4.0756 4.53 4.35
11285625 8.003691e-01 3.8335 3.8297 4.06 4.13
11391181 6.724415e-01 3.7030 3.6849 4.49 4.54
11401845 3.042017e-01 3.8461 3.7663 3.87 4.02
11404698 1.382054e-01 3.8151 3.7018 4.51 4.74
11455484 2.989629e-02 3.8017 3.6805 3.93 4.73
11499757 4.455113e-01 3.7929 3.7691 4.25 4.45
11558882 3.736465e-02 3.8077 3.6614 4.13 4.68
11724091 5.108897e-02 4.0262 3.8275 4.08 4.47
11819135 9.527836e-02 3.7776 3.7783 3.69 4.57
11913071 4.325997e-02 3.8991 3.7366 4.11 4.56
11961695 3.988328e-02 3.7876 3.6667 4.05 4.64
11975363 9.188348e-01 3.8599 3.8544 4.37 4.38
12004679 7.398578e-01 3.7713 3.7562 4.50 4.55
12022517 8.761125e-02 3.8028 3.7219 4.06 4.59
12109845 1.213031e-01 3.7835 3.6723 4.47 4.76
12316447 2.495100e-02 3.7751 3.5834 4.36 4.72
12351927 1.198506e-01 3.7107 3.5746 4.63 4.59
12418816 9.278940e-01 3.6861 3.6798 4.52 4.51
12506351 8.773869e-02 3.8596 3.7272 4.32 4.63
1995732 2.360508e+00 3.7498 3.7331 4.32 3.90
2161623 1.620069e-01 4.0993 3.7587 4.19 3.77
2307206 3.437120e-01 3.7733 3.6931 4.51 4.51
2308957 2.168991e+00 3.7775 3.7622 4.11 3.76
2437060 4.471148e-02 3.7946 3.6491 3.80 4.15
2437149 6.992853e-01 3.7698 3.7558 4.36 4.43
2437452 1.107423e-01 3.7477 3.6781 4.10 4.60
2441161 6.954243e-01 3.7759 3.7572 4.49 4.54
2445134 7.316859e-03 3.7982 3.5614 4.21 4.75
2447893 4.464841e-01 3.7239 3.6660 4.41 4.41
2449090 2.608806e-01 3.6385 3.5694 4.30 4.23
2576692 9.804906e-01 3.7817 3.7812 4.26 4.27
2580872 1.370907e+00 3.7435 3.7577 4.20 4.14
2693092 6.034107e-03 3.7805 3.5142 4.33 4.46
2719873 1.157587e-02 3.7284 3.5284 4.54 4.94
2720354 2.892143e-03 3.8498 3.5733 4.10 4.85
2852560 1.117097e+00 3.7464 3.7535 4.36 4.35
2860594 6.774489e-03 3.8783 3.7016 3.60 4.60
2860788 1.490617e-01 3.7517 3.7409 3.84 4.53
2973509 2.113186e+00 3.7981 3.7949 4.29 4.01
3003991 4.961841e-03 3.7573 3.5287 4.49 5.02 
3098194 1.418719e+00 3.6763 3.6936 3.95 3.96
3102000 3.588403e-03 3.8907 3.6097 4.13 4.89
3102024 2.318850e-01 3.8084 3.7103 4.54 4.61
3114667 5.790319e-01 3.5869 3.5685 4.46 4.44
3120320 1.418166e-01 3.7559 3.7273 3.96 4.52
3127817 3.492393e-01 4.1161 4.0648 3.79 4.03
3241619 2.289736e-01 3.8095 3.6983 4.37 4.41
3247294 4.295770e+00 3.8022 3.8709 4.42 4.17
3248019 9.441378e-01 3.7784 3.7750 4.28 4.29
3248332 1.436330e-01 3.9067 3.7785 4.30 4.47
3323289 4.860128e-01 3.7497 3.7065 4.56 4.59
3344427 4.520777e-01 3.7246 3.6860 4.46 4.56
3352751 3.772931e-02 3.8086 3.6563 3.71 4.05
3440230 2.523590e-01 4.1219 3.7712 4.07 3.55
3449540 1.001538e+00 3.8048 3.8034 4.31 4.30
3530668 1.011656e-02 4.0544 3.7282 4.24 4.73
3542573 8.134108e-01 3.7847 3.7814 4.22 4.29
3544694 5.352875e-01 3.6832 3.6400 4.28 4.25
3644542 3.335682e-01 3.8901 3.8797 3.77 4.12
3655326 3.315065e-01 4.1065 4.0364 4.29 4.52
3662635 1.452727e+00 3.8364 3.8600 4.36 4.32
3735629 4.793764e-01 3.7063 3.6448 4.60 4.55
3757778 4.861482e-03 3.7614 3.5307 4.22 4.86
3832716 1.444315e-01 3.8779 3.7888 4.10 4.43
3834364 1.360292e-02 3.7674 3.5468 4.44 4.74
3838496 1.895063e+00 3.7646 3.7371 4.29 3.92
3851193 6.302394e-03 3.7978 3.5698 4.09 4.77
3858884 5.318372e-01 4.3215 4.2840 3.86 3.98
3865298 1.036334e+00 3.7565 3.7575 4.41 4.41
3938073 4.164038e-02 3.8034 3.6670 4.14 4.63
3953106 9.614947e-01 3.8821 3.8208 4.18 3.92
3957477 1.656064e-01 3.8946 3.7995 4.08 4.33
3970117 2.621589e-02 3.7675 3.6242 4.11 4.64
3973002 2.097690e+00 3.7996 3.9196 4.14 4.34
4037163 8.022403e-01 3.7082 3.6960 4.58 4.60
4054905 4.730260e+00 3.8791 3.8071 3.94 3.09
4076952 2.345297e-01 3.8052 3.8092 3.73 4.25
4077442 9.932303e-02 3.7249 3.6296 4.27 4.60
4149684 6.363561e-02 3.8169 3.6664 4.11 4.38
4150390 3.513389e-03 3.7608 3.5052 4.42 4.89
4174507 3.117188e-01 3.7733 3.7143 4.06 4.22
4247023 8.272636e-01 3.7581 3.7504 4.40 4.44
4247791 1.246958e+00 3.8363 3.8262 3.90 3.78
4252226 4.954023e-01 3.7541 3.7584 4.08 4.37
4276114 6.806701e-02 3.7766 3.6438 4.30 4.65
4285087 8.943522e-01 3.7780 3.7733 4.44 4.46
4346875 1.851151e-02 3.7559 3.5765 4.18 4.69
4365461 1.000105e+00 3.8662 3.8663 4.12 4.12
4372765 1.364710e-01 3.8050 3.7404 4.09 4.56
4380283 3.809945e-01 3.7884 3.7578 4.26 4.49
4445630 9.250063e-01 3.8888 3.8906 4.13 4.17
4484356 6.524769e-01 3.7650 3.7446 4.47 4.54
4540632 2.517447e-01 3.7140 3.6370 4.59 4.63
4544587 5.402709e-01 3.8974 3.8611 4.17 4.25
4574310 2.885008e-01 3.9667 3.7775 4.22 4.02
4578594 5.138630e+00 3.7461 3.7456 4.49 3.84
4579321 2.136741e-01 3.7845 3.6927 4.56 4.72
4633434 3.600314e-02 3.7204 3.5507 4.55 4.77
4661634 2.275319e-02 3.9177 3.6885 4.28 4.66
4665989 2.754207e-01 3.8449 3.7977 4.04 4.30
4736208 1.487660e+00 3.8313 3.8367 4.19 4.07
4737267 2.093454e+00 3.8032 3.7408 4.27 3.75
4737302 4.990900e-01 3.8925 3.9146 3.80 4.12
4739194 5.889881e-02 3.7697 3.6008 4.11 4.20
4739791 1.192964e-01 4.0490 3.9292 4.04 4.47
4740676 5.469439e-03 4.0630 3.7072 4.15 4.74
4753988 1.368057e-01 3.7831 3.6795 4.40 4.64
4757331 1.102784e-01 3.7495 3.6273 4.37 4.52
4773155 6.228409e-01 3.7682 3.7471 4.42 4.50
4824268 8.191946e-02 3.7939 3.6736 4.28 4.66
4826439 1.028078e+00 3.7890 3.7881 3.99 3.98
4840263 4.755603e-01 3.8881 3.8342 4.22 4.27
4847832 6.219050e-01 3.7659 3.7626 4.22 4.39
4848423 8.251790e-01 3.8094 3.8071 4.15 4.21
4851217 6.935843e-01 4.2621 4.2271 4.04 4.09
4862625 1.333169e-03 3.8281 3.5311 4.11 4.88
4902030 5.061161e-01 3.6697 3.6220 4.56 4.55
4908495 5.079092e-01 3.7847 3.7547 4.45 4.59
4931073 9.840400e-02 3.8482 3.6888 4.14 4.32
4932348 6.026757e-03 3.8295 3.5853 4.39 5.00
4932691 5.577376e-02 3.8570 3.7102 4.20 4.59
4937143 5.008684e-02 3.8005 3.7156 3.89 4.59
4940201 1.150696e-01 3.7620 3.6870 4.13 4.58
4947726 1.513993e-02 3.8112 3.5833 4.38 4.73
4948863 9.575700e-02 3.7675 3.6330 4.50 4.67
5016163 1.004741e+00 3.7881 3.7880 4.11 4.11
5017058 5.548758e-01 3.8135 3.7953 4.14 4.27
5021174 2.454819e-01 3.6267 3.5325 4.60 4.36
5022440 8.781746e-02 3.7948 3.6724 4.33 4.64
5023948 8.454901e-01 3.8579 3.8503 4.26 4.30
5024292 4.183132e-01 3.8001 3.7785 4.10 4.32
5024450 1.277984e-01 3.7979 3.7442 4.02 4.53
5036538 8.036325e-01 3.6279 3.6155 4.53 4.53
5036966 2.408966e-01 3.8857 3.8043 4.11 4.28
5039441 1.908472e-02 3.7911 3.5808 4.37 4.71
5113053 4.940377e-01 3.7935 3.7680 4.26 4.40
5181455 2.804418e-02 3.7810 3.5888 4.40 4.72
5193386 3.109819e+00 3.8806 3.7423 4.24 3.24
5215700 9.328453e-01 3.8144 3.8081 4.21 4.17
5217733 4.395392e-02 4.4397 4.2639 3.73 4.31
5264304 2.204127e-01 3.7887 3.7107 4.45 4.69
5269407 4.025483e-02 3.8913 3.7058 4.31 4.69
5284133 6.221326e-02 3.8912 3.7276 4.27 4.57
5288543 2.166494e-01 3.8561 3.8035 4.12 4.48
5300878 8.979824e-01 3.7050 3.7000 4.49 4.51
5310435 3.042913e-02 3.9510 3.6967 3.61 3.79
5347784 1.708823e+00 3.7561 3.7504 4.26 4.05
5359678 3.031826e-01 3.8212 3.7849 4.17 4.47
5392897 1.541794e-01 3.8006 3.7598 3.98 4.52
5393558 2.040738e+00 3.7529 3.7842 4.52 4.39
5460835 2.262910e-01 3.7959 3.7373 4.28 4.59
5462901 1.050885e-01 3.6216 3.5326 4.75 4.88
5473556 2.276699e-01 3.8103 3.7800 4.02 4.45
5475712 5.618839e-02 4.0327 3.8971 3.83 4.45
5479973 1.261109e-01 3.7551 3.6730 3.73 3.89
5481426 4.025037e-01 3.6540 3.6025 4.65 4.67
5513861 7.710826e-01 3.8215 3.8164 4.09 4.16
5530881 5.146927e-02 3.8460 3.6827 4.30 4.60
5534702 1.840630e-01 3.9166 3.8403 4.10 4.42
5535280 1.353359e+00 3.7541 3.7826 4.43 4.47
5553624 3.528535e-01 3.7870 3.7396 4.37 4.54
5565486 9.897382e-01 3.8444 3.8440 4.12 4.12
5597970 9.578138e-03 3.7408 3.5326 4.53 4.96
5598639 9.874498e-01 3.8584 3.8579 4.06 4.06
5610698 1.863641e-02 3.8020 3.6109 3.67 3.99
5622250 1.622857e-02 3.8123 3.6022 4.24 4.69
5632781 1.336400e+00 3.7840 3.7717 3.80 3.62
5640750 1.424405e+01 3.9025 3.7663 4.10 2.46
5649206 9.463488e-01 3.5414 3.5406 4.30 4.23
5649956 2.711189e-01 3.7642 3.7541 3.99 4.44
5652260 2.514822e-01 3.7672 3.7130 4.28 4.57
5716244 1.043908e-02 3.8190 3.6621 3.76 4.72
5731312 1.981373e-01 3.7168 3.6207 4.61 4.68
5735878 1.621246e-03 3.7985 3.5314 4.07 4.92
5736461 1.370785e+00 3.7631 3.7779 4.14 4.08
5738506 9.041163e-01 3.6407 3.6349 4.25 4.24
5738698 7.896911e-01 3.8964 3.8930 4.07 4.14
5781192 2.630580e-01 3.7672 3.7013 4.41 4.58
5786154 1.348559e+01 3.8658 3.7142 4.18 2.47
5802470 1.155074e-01 3.7662 3.6565 4.43 4.65
5807579 9.064193e-01 3.7905 3.7816 4.40 4.40
5816806 1.522733e-01 3.7451 3.6875 4.18 4.57
5871918 1.139602e-01 3.6278 3.5324 4.61 4.77
5955321 9.502930e-01 3.7920 3.7902 4.35 4.36
5962514 9.604073e-02 3.8437 3.7602 3.98 4.46
5962716 1.483846e-01 3.8024 3.7855 3.87 4.48
5986209 6.685633e-01 3.7608 3.7382 4.55 4.59
6029130 7.024539e-01 3.7585 3.7412 4.48 4.54
6042116 8.022611e-02 3.9836 3.8489 3.95 4.42
6042663 1.143784e-01 3.7652 3.6399 4.51 4.68
6058875 5.959081e-01 3.8000 3.7813 4.42 4.54
6066379 1.719736e-02 3.8024 3.6030 3.98 4.35
6109688 5.611291e-03 3.8339 3.5775 4.16 4.74
6128027 7.741705e-02 3.7213 3.5549 4.50 4.48
6131659 1.491320e-01 3.7723 3.6656 4.47 4.68
6147573 1.011142e+00 3.7864 3.7872 4.42 4.42
6182849 1.351199e-01 3.8002 3.6986 4.35 4.61
6205460 9.802260e-01 4.1840 3.8428 4.26 3.39
6206751 1.414591e-01 3.8567 3.7245 4.04 4.23
6228703 3.075759e-01 3.9528 3.8784 4.15 4.31
6233466 1.236754e-01 3.8801 3.7933 4.12 4.56
6233903 3.987752e-01 3.7864 3.7769 4.03 4.34
6283224 5.216792e-01 3.7854 3.7533 4.44 4.54
6286161 1.586862e-01 4.1823 3.9704 4.43 4.55
6301030 9.739520e-01 3.7492 3.7486 4.36 4.36
6307537 5.212464e+00 3.7684 3.6790 4.32 3.26
6311637 1.435561e-02 3.7887 3.6305 3.89 4.64
6312521 1.594622e-01 3.7434 3.6556 4.42 4.63
6314173 7.261476e-02 3.9332 3.7177 3.98 4.11
6359798 4.336136e-01 3.7563 3.7544 4.13 4.45
6362386 2.832864e-03 3.8341 3.5519 4.16 4.81
6363494 1.605338e-01 4.1292 4.0043 4.19 4.54
6367628 2.365647e-01 3.9010 3.7599 3.47 3.52
6421188 2.708261e-03 3.7663 3.5322 4.16 4.96
6448768 4.249298e-03 3.8256 3.6041 3.85 4.76
6449552 1.284524e-01 3.7561 3.6341 4.53 4.60
6464285 5.853195e-02 3.8057 3.6611 4.30 4.65
6466939 8.552192e-01 3.9961 3.9585 4.57 4.51
6470516 1.481514e-01 3.6599 3.5282 4.12 3.45
6504534 2.058357e-02 3.7051 3.5140 4.64 4.78
6521542 8.062500e-01 3.8453 3.8337 4.39 4.43
6525196 5.904229e-01 3.7919 3.7788 4.28 4.43
6525209 4.174393e-02 3.7483 3.6578 3.86 4.65
6531496 1.413938e-01 3.7654 3.6956 4.16 4.57
6543674 7.945982e-01 3.7621 3.7821 3.95 4.12
6545018 2.830264e-01 3.7982 3.7801 3.99 4.39
6548447 6.558305e+00 3.7932 3.7618 4.39 3.57
6591789 1.387098e-01 3.7949 3.6832 4.37 4.53
6593363 3.002071e-03 3.7813 3.5337 4.19 4.92
6594972 1.122878e-01 3.7733 3.6520 4.45 4.65
6610219 1.123109e+00 3.8045 3.8040 4.17 4.13
6629588 1.343214e-01 4.0026 3.7589 3.91 3.82
6695889 1.364821e-01 3.8369 3.7062 4.37 4.50
6697716 1.533832e-01 3.8186 3.7292 4.36 4.69
6706287 6.851866e-01 3.7369 3.7106 4.48 4.49
6778050 5.323747e-01 3.7932 3.7759 4.32 4.50
6778289 1.913447e-01 3.8557 3.7950 4.11 4.47
6841577 1.758278e-02 3.9270 3.6727 4.34 4.71
6852488 1.467183e-02 3.8138 3.5951 3.79 4.01
6859813 6.415077e-01 3.7980 3.7899 4.12 4.24
6863840 8.277633e-01 3.6942 3.6822 4.48 4.49
6864859 1.457803e+00 3.8413 3.8479 4.22 4.10
6891512 1.427225e+00 3.7957 3.7915 4.23 4.09
6927629 4.910922e-01 3.7751 3.7473 4.34 4.48
6948815 2.625400e-02 4.3118 3.8499 4.28 4.22
6949550 1.013638e+00 3.7689 3.7693 4.39 4.39
6956216 4.533485e-03 3.8374 3.6019 3.92 4.73
6962018 4.490243e-01 3.6611 3.6166 4.58 4.60
7021177 7.628000e-01 3.7624 3.7526 4.40 4.46
7025540 7.400919e-01 3.6606 3.6399 4.52 4.52
7033748 1.072396e+00 3.8462 3.8284 3.85 3.75
7037405 1.512268e+01 4.1257 3.9892 4.09 2.54
7049486 6.699684e+00 3.7387 3.9131 4.15 4.09
7097571 2.866535e-02 4.0337 3.8409 3.82 4.45
7105574 2.419176e-01 3.8021 3.7716 4.08 4.47
7108433 1.607516e-01 3.9675 3.7500 4.13 4.05
7118545 2.948151e-02 3.8065 3.6218 4.30 4.68
7122259 1.364499e+00 3.7727 3.7888 4.15 4.10
7125636 8.675335e-01 3.6692 3.6610 4.61 4.62
7128918 4.245215e-01 3.7612 3.7487 4.19 4.47
7129465 7.114786e-01 3.7401 3.7230 4.50 4.55
7132542 9.682739e-01 3.6344 3.6321 3.84 3.84
7133286 1.087219e+01 3.8308 3.6996 4.12 2.59
7137798 2.943729e-02 3.8240 3.6356 3.90 4.21
7177553 6.018541e+00 3.7975 3.9171 4.57 4.40
7177892 3.035241e-02 3.8738 3.6496 4.18 4.42
7199774 6.419400e-03 3.7805 3.5392 4.29 4.77
7203179 2.118962e-01 3.8618 3.7501 3.80 3.97
7212066 6.779023e-02 3.8050 3.6858 4.19 4.64
7258889 1.472500e-01 3.8824 3.7291 4.17 4.27
7295570 7.695275e-02 3.7601 3.6315 4.05 4.21
7336754 4.732877e-02 3.7855 3.6886 3.94 4.63
7362852 7.211982e-01 3.7814 3.7777 4.15 4.26
7365447 9.670971e-02 3.8286 3.6968 4.21 4.45
7368103 7.056777e-02 4.0859 3.9233 3.76 4.24
7369523 1.021971e+00 3.7799 3.7790 4.11 4.10
7374746 5.475472e-01 3.8634 3.8263 4.41 4.48
7376500 1.565275e-01 3.7560 3.6633 4.38 4.61
7377033 4.192057e-02 3.7444 3.5703 4.56 4.74
7385478 1.530943e-01 3.7284 3.6292 3.99 3.97
7436177 1.332928e+00 3.8158 3.8107 4.17 4.04
7605600 4.886332e-02 3.5799 3.4981 4.75 5.06
7620844 1.132159e-01 3.7243 3.5988 4.60 4.68
7624297 1.141279e-02 3.7492 3.5343 4.47 4.85
7630658 6.287655e-01 3.7913 3.7668 4.14 4.22
7670485 7.554268e-01 3.7580 3.7400 4.34 4.37
7670617 3.702405e-02 3.9324 3.7227 4.31 4.63
7671594 5.163493e-01 3.5600 3.5407 4.99 5.01
7677005 3.859415e-01 3.8314 3.8039 4.11 4.34
7691527 8.766092e-01 3.7292 3.7218 4.57 4.58
7700578 2.100727e-01 3.8337 3.7369 3.97 4.19
7708193 1.459407e-01 3.7644 3.7561 3.76 4.40
7750740 2.201442e-02 3.8013 3.5929 4.39 4.65
7767733 1.519118e+00 3.7668 3.7847 4.46 4.38
7770471 1.613075e-01 3.9154 3.7503 4.12 4.17
7798259 2.337742e-01 3.6906 3.6082 4.58 4.65
7812175 9.316317e-02 3.5895 3.4749 4.52 4.39
7816680 3.060956e-01 3.8018 3.7516 4.30 4.52
7821010 8.154636e-01 3.8139 3.8056 4.32 4.36
7866921 3.825704e-02 3.8296 3.7629 3.71 4.66
7885570 5.924158e-02 3.8019 3.7360 3.83 4.56
7898576 1.814948e-01 3.8328 3.8072 3.90 4.45
7919653 1.700540e-01 3.7958 3.7617 3.99 4.48
7960547 7.196173e-01 3.7691 3.7553 4.47 4.53
7985167 2.685389e-01 3.7894 3.7735 4.03 4.43
7987749 4.467849e-01 3.7713 3.7309 4.47 4.59
8008128 3.996717e-03 3.7753 3.5424 4.14 4.88
8009500 1.067766e-02 3.7782 3.5546 4.43 4.88
8016214 2.700844e+00 3.7890 3.7577 4.27 3.79
8019043 2.443894e-03 3.9008 3.5709 4.45 4.99
8044608 2.634307e-02 3.8135 3.6284 4.25 4.67
8081389 8.566045e-02 3.8900 3.7123 4.03 4.22
8088354 4.321153e-02 3.8392 3.6164 4.44 4.51
8097825 1.387043e-01 3.8521 3.7961 3.88 4.35
8098300 3.480309e-01 3.8267 3.7906 4.18 4.42
8111622 3.150888e-02 3.7626 3.5771 4.45 4.72
8112013 2.304903e-03 3.8867 3.5839 4.12 4.90
8129189 3.306937e+00 3.7947 3.7017 4.20 3.37
8143170 2.253415e-02 3.6964 3.6430 3.43 4.61
8153568 2.195687e-01 4.0468 3.7711 3.80 3.50
8155368 6.155235e-02 3.8030 3.6874 4.17 4.74
8183389 4.039068e-01 3.7356 3.6846 4.56 4.63
8193315 4.958902e-02 3.9229 3.7460 4.19 4.54
8195877 2.379172e-01 3.8288 3.7615 4.28 4.52
8196180 2.298161e-01 3.8681 3.8267 4.01 4.41
8211824 4.052009e-01 3.7655 3.7197 4.46 4.58
8234477 5.254058e-02 3.8460 3.7729 3.76 4.51
8240109 2.121082e-01 4.1121 3.7540 4.20 3.70
8244173 1.000677e+00 3.6457 3.6458 4.53 4.53
8262223 1.400874e-01 3.8693 3.8044 3.97 4.42
8296467 5.170409e-01 3.7709 3.7304 4.54 4.58
8308347 1.508758e+01 3.8079 3.7259 4.36 2.92
8312222 5.120193e+00 3.7393 3.7990 4.54 4.20
8314801 3.010468e-01 3.7597 3.7665 3.90 4.35
8316503 3.101441e-02 4.0498 3.7855 4.26 4.59
8330575 3.518664e-01 3.9443 3.9410 3.99 4.36
8364119 7.509708e-01 3.7635 3.7518 4.42 4.48
8374499 6.358678e-02 3.7980 3.6619 4.25 4.55
8378656 3.213564e-02 3.8103 3.6835 3.97 4.62
8380743 2.392772e+00 3.8116 3.7976 4.24 3.86
8381592 1.561184e-01 3.7719 3.6712 4.46 4.64
8414914 3.301865e-01 3.7183 3.6715 4.39 4.56
8429450 5.255648e-01 3.8505 3.8211 4.15 4.25
8444552 1.769406e-01 3.7802 3.6660 4.37 4.47
8453191 6.715924e-01 3.7744 3.7540 4.14 4.20
8460600 2.545863e-03 3.8041 3.5360 4.43 5.04
8479107 3.910979e-01 3.7175 3.6706 4.48 4.59
8479386 1.368237e+00 3.7971 3.7817 4.11 3.93
8552540 1.160231e+00 4.1396 4.0133 4.60 4.21
8553788 1.907652e-01 3.9300 3.8548 3.87 4.17
8553907 1.113662e+00 3.8153 3.8199 4.36 4.34
8559863 5.119934e-01 3.7508 3.7187 4.07 4.16
8560861 9.900956e-02 3.9082 3.8545 3.67 4.28
8561192 1.705631e-01 4.0217 3.7602 3.88 3.73
8565912 1.087241e-01 3.8719 3.7172 3.98 4.17
8572936 8.610591e-01 3.7744 3.7694 4.33 4.36
8589754 5.695136e-01 3.8338 3.8096 4.32 4.43
8590780 9.330217e-01 3.7996 3.7962 4.45 4.46
8604993 7.833082e-02 3.8317 3.6668 4.22 4.39
8608490 3.715498e-01 3.7603 3.7153 4.40 4.57
8621026 4.339722e-02 4.0705 3.8207 4.24 4.55
8621353 8.966608e-02 3.7726 3.6369 4.49 4.73
8700506 1.321908e+00 3.9041 3.9100 4.22 4.14
8701327 5.898484e-01 3.7894 3.7749 4.25 4.38
8711548 2.811323e-01 3.8577 3.7764 4.24 4.35
8736245 1.866491e-01 3.8648 3.7794 4.27 4.53
8746310 3.016277e-02 3.7732 3.5910 4.41 4.78
8760135 1.018621e+00 3.7443 3.7448 4.33 4.33
8773948 1.160627e-01 3.7992 3.7625 3.82 4.42
8780968 6.139153e-01 3.7466 3.7274 3.87 3.93
8784288 4.594064e-01 3.8670 3.8220 4.32 4.42
8801343 7.020241e-04 3.7978 3.5276 3.92 4.98
8823397 1.687925e-01 3.8592 3.7293 4.09 4.24
8845221 1.876867e-01 3.8561 3.8175 3.95 4.40
8868907 1.343004e-01 3.7775 3.7004 4.19 4.60
8878681 7.309302e-04 4.0246 3.5418 4.39 4.75
8935352 7.995798e-01 4.0835 3.8886 3.95 3.51
8939650 9.323818e-02 3.7885 3.7083 4.08 4.56
8940961 1.918181e-01 3.8098 3.7258 4.26 4.46
8953426 7.871661e-01 3.7966 3.7840 3.98 4.02
8973000 2.264913e-01 3.7712 3.7455 4.03 4.48
8984706 9.506452e-01 3.7808 3.7786 4.44 4.45
9001468 7.225961e-02 3.7321 3.5884 4.52 4.70
9007918 1.411404e-02 3.8021 3.6127 4.09 4.64
9016295 3.552098e-03 3.7713 3.5250 4.33 4.94
9020426 9.231840e-01 3.7358 3.7309 4.30 4.30
9025914 5.658653e-02 3.7622 3.6166 4.35 4.63
9053086 3.850689e-02 3.8411 3.6311 4.22 4.39
9098590 2.882475e-03 3.8617 3.5812 4.12 4.89
9101400 3.955592e-01 3.8187 3.8036 4.05 4.33
9108058 1.638810e-01 4.0696 3.7415 4.10 3.73
9119405 4.181760e-01 3.7780 3.7850 3.92 4.27
9119652 5.309285e-01 3.7669 3.7340 4.48 4.56
9159301 1.268187e-01 4.0347 3.7371 3.86 3.68
9163674 5.514278e-01 3.8026 3.7881 4.19 4.34
9164836 1.139559e-01 3.7916 3.6794 4.37 4.65
9179531 9.238955e-01 3.7282 3.7236 4.23 4.24
9205993 1.229591e-01 3.9721 3.7465 4.22 4.13
9207508 1.133198e-01 3.9609 3.7381 3.89 3.93
9210828 6.321874e-01 3.7842 3.7619 4.41 4.48
9236858 6.377824e-02 3.8971 3.7500 4.14 4.52
9246715 9.765539e-01 3.6962 3.6934 2.93 2.92
9266285 2.449606e-02 3.8015 3.6619 3.98 4.64
9282687 3.593106e-02 3.8101 3.6224 3.99 4.20
9284741 1.364643e+00 3.7760 3.7903 4.61 4.55
9291368 1.474421e-01 4.0374 3.7546 3.85 3.67
9291748 1.093868e+00 3.8117 3.7138 3.96 3.53
9343862 9.114151e-02 4.1008 3.8411 4.29 4.31
9344623 5.378595e-01 3.8089 3.7999 4.14 4.32
9353182 1.006446e-02 3.7820 3.5874 4.01 4.69
9357275 3.917477e-02 4.0034 3.8002 4.10 4.54
9392702 5.102896e-02 3.8105 3.7091 3.99 4.62
9411317 2.161070e-02 3.6499 3.5057 4.67 4.70
9451096 1.080764e-01 3.9119 3.7936 4.16 4.50
9468384 7.230251e-02 3.7858 3.6700 4.23 4.62
9474485 9.586361e-01 3.6939 3.6920 4.51 4.52
9474969 1.303640e-01 3.8114 3.8094 3.69 4.42
9479460 2.393588e-01 3.9733 3.7664 4.16 3.99
9520700 2.410627e-01 3.9123 3.8284 4.28 4.47
9529733 1.133756e-01 3.8277 3.8148 3.71 4.49
9532123 1.193592e-01 3.7616 3.6794 4.19 4.59
9532421 5.415979e-03 3.6745 3.4946 4.67 5.17
9540450 2.880980e-01 3.7745 3.7156 4.31 4.45
9549472 6.211454e-03 3.8088 3.6020 3.90 4.71
9569866 1.249320e-01 3.7881 3.6820 4.38 4.62
9597095 2.516372e-02 4.1635 3.7367 4.49 4.38
9602595 1.437377e-01 4.0935 3.7495 3.93 3.64
9613070 8.964346e-03 3.8450 3.5889 4.30 4.71
9632895 2.642969e-03 3.7424 3.5011 4.54 5.08
9635529 3.298517e-01 3.8093 3.7856 4.08 4.38
9637299 8.150392e-02 3.7744 3.6527 4.34 4.58
9641031 2.864828e-01 3.8094 3.7271 4.35 4.43
9649222 2.630271e-03 3.7602 3.5062 4.39 4.97
9652632 4.248048e-01 3.8110 3.8033 4.02 4.29
9656543 7.578631e-01 3.7377 3.7240 4.50 4.54
9658118 8.571703e-01 3.9306 3.9373 3.94 4.02
9673173 9.433618e-01 3.8199 3.8188 4.11 4.13
9711751 4.476541e-01 3.8378 3.7742 4.24 4.24
9715925 1.576559e-01 3.7056 3.6012 4.57 4.66
9762519 8.036773e-02 3.7677 3.6255 4.48 4.66
9767392 1.200933e+00 3.7954 3.7906 4.10 4.02
9774400 5.338812e-03 4.0303 3.8456 3.25 4.47
9777062 9.164806e-01 3.8828 3.8642 4.22 4.16
9784230 1.033766e+00 3.5294 3.5304 4.42 4.43
9818732 6.193770e-01 3.8011 3.7932 4.18 4.32
9832545 1.083887e-01 4.0456 3.8382 4.15 4.25
9837544 7.800140e-01 3.7083 3.6935 4.59 4.61
9837578 5.033044e-01 3.7776 3.7444 4.41 4.51
9843435 9.030514e-02 3.8499 3.7132 3.73 4.06
9850387 6.572115e-01 3.8943 3.8164 4.16 4.02
9851142 9.689665e-03 3.8704 3.6680 3.90 4.65
9892471 3.294604e-02 3.7524 3.5763 4.39 4.68
9896435 1.736418e-02 3.6257 3.4863 4.82 4.97
9907505 1.905661e-02 3.7603 3.5426 4.58 4.74
9913481 4.128138e-01 3.9077 3.8912 3.81 4.06
9934208 8.327440e-03 3.7212 3.5252 4.59 5.04
9936698 2.192162e-01 3.8644 3.7874 4.21 4.44
9945280 2.703887e-02 4.0773 3.7189 4.40 4.41
9948002 4.466774e-02 3.7854 3.6751 4.03 4.62
9954225 1.451175e-01 4.0324 3.7499 4.23 4.02
9966115 3.550131e-03 3.8351 3.5592 4.28 4.91
9970396 1.710228e+01 3.8060 3.6968 4.34 2.83
9971475 1.461033e-01 3.7773 3.6871 4.32 4.60
