#KIC##### U B V g r i z w1 w2 J H K
10063044 0 0 0 2 2 2 2 2 2 1 1 1
8565912 1 1 1 2 2 2 2 2 2 2 2 2
9832545 0 0 0 2 2 2 2 2 2 2 2 2
9474485 0 0 0 2 2 2 2 2 2 1 1 1
5534702 1 1 1 2 2 2 2 2 2 1 1 1
10264202 1 1 1 2 2 2 2 2 2 0 0 0
3848919 0 0 0 2 2 2 2 2 2 1 1 1
8552540 1 1 1 2 2 2 2 2 2 1 1 1
10616829 0 0 0 2 2 2 2 2 2 0 0 0
8608490 1 1 1 2 2 2 2 2 2 0 0 0
10736223 0 0 0 2 2 2 2 2 2 0 0 0
6695889 1 1 1 2 2 2 2 2 2 0 0 0
9343862 1 1 1 2 2 2 2 2 2 1 1 1
6058875 0 0 0 2 2 2 2 2 2 0 0 0
3832716 1 1 1 0 0 0 0 2 2 0 0 0
4484356 0 0 0 2 2 2 2 2 2 0 0 0
7770471 0 0 0 2 2 2 2 2 2 1 1 1
9205993 1 1 1 2 2 2 2 2 2 2 2 2
6206751 0 0 0 2 2 2 2 2 2 1 1 1
4739194 1 1 1 2 2 2 2 2 2 0 0 0
9451096 0 0 0 2 2 2 2 2 2 1 1 1
6962018 0 0 0 2 2 2 2 2 2 0 0 0
5300878 0 0 0 2 2 2 2 2 2 0 0 0
5598639 0 0 0 1 1 1 1 2 2 1 1 1
6066379 1 1 1 2 2 2 2 2 2 1 1 1
4574310 0 0 0 2 2 2 2 2 2 0 0 0
5215700 0 0 0 2 2 2 2 2 2 0 0 0
10879213 0 0 0 2 2 2 2 2 2 1 1 1
9954225 0 0 0 2 2 2 2 2 2 0 0 0
3851193 0 0 0 2 2 2 2 2 2 1 1 1
2305543 0 0 0 0 0 0 0 2 2 0 0 0
9007918 0 0 0 2 2 2 2 2 2 1 1 1
2305372 1 1 1 1 1 1 1 2 2 0 0 0
7671594 0 0 0 2 2 2 2 2 2 0 0 0
6314173 0 0 0 2 2 2 2 2 2 0 0 0
6697716 0 0 0 2 2 2 2 2 2 0 0 0
11873166 1 1 1 2 2 2 2 2 2 1 1 1
12216706 1 1 1 2 2 2 2 2 2 0 0 0
11076279 1 1 1 2 2 2 2 2 2 0 0 0
9569866 0 0 0 2 2 2 2 2 2 0 0 0
8081389 1 1 1 2 2 2 2 2 2 0 0 0
8823397 1 1 1 2 2 2 2 2 2 0 0 0
7700578 0 0 0 2 2 2 2 2 2 2 2 2
5513861 1 1 1 0 0 0 0 2 2 0 0 0
7108433 0 0 0 2 2 2 2 2 2 0 0 0
5444392 0 0 0 2 2 2 2 2 2 1 1 1
12418816 0 0 0 2 2 2 2 2 2 0 0 0
6948815 1 1 1 2 2 2 2 2 2 0 0 0
9163674 0 0 0 2 2 2 2 2 2 0 0 0
11724091 0 0 0 2 2 2 2 2 2 0 0 0
6048106 0 0 0 2 2 2 2 2 2 2 2 2
5962514 0 0 0 2 2 2 2 2 2 2 2 2
9357275 0 0 0 2 2 2 2 2 2 0 0 0
8553788 1 1 1 2 2 2 2 2 2 0 0 0
8262223 0 0 0 2 2 2 2 2 2 1 1 1
6311637 1 1 1 2 2 2 2 2 2 0 0 0
7385478 0 0 0 2 2 2 2 2 2 1 1 1
9210828 0 0 0 2 2 2 2 2 2 0 0 0
9101400 0 0 0 2 2 2 2 2 2 0 0 0
10735564 0 0 0 2 2 2 2 2 2 1 1 1
8841616 1 1 1 2 2 2 2 2 2 0 0 0
9282687 0 0 0 2 2 2 2 2 2 0 0 0
9843435 1 1 1 2 2 2 2 2 2 2 2 2
3241619 1 1 1 2 2 2 2 2 2 0 0 0
9711751 1 1 1 2 2 2 2 2 2 0 0 0
11616200 0 0 0 2 2 2 2 2 2 1 1 1
7885570 0 0 0 2 2 2 2 2 2 0 0 0
7798259 0 0 0 2 2 2 2 2 2 0 0 0
4380283 0 0 0 2 2 2 2 2 2 0 0 0
4902030 1 1 1 0 0 0 0 2 2 0 0 0
9110346 0 0 0 2 2 2 2 2 2 1 1 1
5479973 0 0 0 2 2 2 2 2 2 1 1 1
8411947 0 0 0 2 2 2 2 2 2 0 0 0
10581918 1 1 1 2 2 2 2 2 2 0 0 0
5962716 0 0 0 2 2 2 2 2 2 0 0 0
9101279 1 1 1 2 2 2 2 2 2 1 1 1
9637299 1 1 1 2 2 2 2 2 2 0 0 0
2708156 0 0 0 1 1 1 1 2 2 1 1 1
11819135 1 1 1 2 2 2 2 2 2 0 0 0
4840263 0 0 0 2 2 2 2 2 2 0 0 0
3530668 0 0 0 0 0 0 0 2 2 0 0 0
9207508 1 1 1 2 2 2 2 2 2 0 0 0
8380743 0 0 0 2 2 2 2 2 2 0 0 0
10619109 0 0 0 2 2 2 2 2 2 0 0 0
8127648 0 0 0 2 2 2 2 2 2 0 0 0
7970629 0 0 0 2 2 2 2 2 2 0 0 0
7732791 1 1 1 2 2 2 2 2 2 0 0 0
9479460 1 1 1 2 2 2 2 2 2 0 0 0
6470516 1 1 1 2 2 2 2 2 2 1 1 1
4579321 1 1 1 2 2 2 2 2 2 0 0 0
5020034 0 0 0 2 2 2 2 2 2 0 0 0
5036538 1 1 1 2 2 2 2 2 2 0 0 0
7025540 0 0 0 2 2 2 2 2 2 0 0 0
7630658 1 1 1 2 2 2 2 2 2 0 0 0
5039441 0 0 0 2 2 2 2 2 2 0 0 0
9540450 0 0 0 2 2 2 2 2 2 0 0 0
11401845 1 1 1 2 2 2 2 2 2 0 0 0
6852488 0 0 0 2 2 2 2 2 2 0 0 0
9108058 0 0 0 2 2 2 2 2 2 0 0 0
9641031 0 0 0 2 2 2 2 2 2 0 0 0
7368103 0 0 0 2 2 2 2 2 2 1 1 1
8244173 0 0 0 2 2 2 2 2 2 0 0 0
4544587 1 1 1 1 1 1 1 2 2 1 1 1
7097571 0 0 0 2 2 2 2 2 2 1 1 1
9119652 0 0 0 2 2 2 2 2 2 0 0 0
2308957 1 1 1 1 1 1 1 2 2 0 0 0
7203179 1 1 1 2 2 2 2 2 2 0 0 0
4665989 1 1 1 2 2 2 2 2 2 0 0 0
11250867 0 0 0 2 2 2 2 2 2 0 0 0
7137798 0 0 0 2 2 2 2 2 2 1 1 1
6629588 1 1 1 2 2 2 2 2 2 1 1 1
11811454 0 0 0 2 2 2 2 2 2 1 1 1
2161623 0 0 0 1 1 1 1 2 2 1 1 1
6466939 0 0 0 2 2 2 2 2 2 0 0 0
8240109 0 0 0 2 2 2 2 2 2 0 0 0
7212722 0 0 0 2 2 2 2 2 2 0 0 0
5017058 1 1 1 2 2 2 2 2 2 1 1 1
6543674 0 0 0 2 2 2 2 2 2 0 0 0
10857342 1 1 1 2 2 2 2 2 2 1 1 1
10191056 0 0 0 2 2 2 2 2 2 1 1 1
4851217 1 1 1 2 2 2 2 2 2 0 0 0
4826439 1 1 1 2 2 2 2 2 2 1 1 1
7365447 0 0 0 2 2 2 2 2 2 2 2 2
6706287 0 0 0 2 2 2 2 2 2 0 0 0
9236858 0 0 0 2 2 2 2 2 2 0 0 0
9656543 0 0 0 2 2 2 2 2 2 0 0 0
10686876 1 1 1 2 2 2 2 2 2 0 0 0
8193315 0 0 0 2 2 2 2 2 2 1 1 1
10583181 1 1 1 2 2 2 2 2 2 1 1 1
8429450 0 0 0 2 2 2 2 2 2 0 0 0
7374746 0 0 0 2 2 2 2 2 2 1 1 1
8561192 1 1 1 2 2 2 2 2 2 0 0 0
9850387 0 0 0 2 2 2 2 2 2 1 1 1
5565486 0 0 0 2 2 2 2 2 2 0 0 0
3440230 1 1 1 0 0 0 0 2 2 0 0 0
8264097 0 0 0 2 2 2 2 2 2 1 1 1
8088354 1 1 1 2 2 2 2 2 2 0 0 0
9767392 0 0 0 2 2 2 2 2 2 0 0 0
8097825 1 1 1 2 2 2 2 2 2 0 0 0
11228612 0 0 0 2 2 2 2 2 2 0 0 0
5475712 0 0 0 2 2 2 2 2 2 1 1 1
4848423 0 0 0 2 2 2 2 2 2 0 0 0
9159301 1 1 1 2 2 2 2 2 2 0 0 0
4908495 1 1 1 0 0 0 0 2 2 0 0 0
11147276 0 0 0 2 2 2 2 2 2 0 0 0
8719897 0 0 0 2 2 2 2 2 2 1 1 1
8940961 0 0 0 2 2 2 2 2 2 0 0 0
8016214 1 1 1 2 2 2 2 2 2 1 1 1
5113053 0 0 0 2 2 2 2 2 2 0 0 0
2437060 0 0 0 2 2 2 2 2 2 0 0 0
3449540 1 1 1 2 2 2 2 2 2 0 0 0
10489521 1 1 1 2 2 2 2 2 2 0 0 0
7605600 0 0 0 2 2 2 2 2 2 0 0 0
6525196 0 0 0 2 2 2 2 2 2 1 1 1
4365461 0 0 0 2 2 2 2 2 2 0 0 0
8879915 0 0 0 2 2 2 2 2 2 0 0 0
5288543 0 0 0 2 2 2 2 2 2 0 0 0
8581658 0 0 0 2 2 2 2 2 2 0 0 0
3352751 0 0 0 2 2 2 2 2 2 0 0 0
6891512 0 0 0 2 2 2 2 2 2 0 0 0
11922782 0 0 0 2 2 2 2 2 2 0 0 0
11975363 0 0 0 2 2 2 2 2 2 0 0 0
9602595 0 0 0 2 2 2 2 2 2 1 1 1
8153568 0 0 0 2 2 2 2 2 2 2 2 2
8378656 0 0 0 2 2 2 2 2 2 0 0 0
5023948 0 0 0 2 2 2 2 2 2 0 0 0
8784288 0 0 0 2 2 2 2 2 2 0 0 0
8196180 0 0 0 2 2 2 2 2 2 0 0 0
10294608 1 1 1 2 2 2 2 2 2 1 1 1
6205460 0 0 0 2 2 2 2 2 2 1 1 1
5294739 0 0 0 2 2 2 2 2 2 0 0 0
11913071 0 0 0 2 2 2 2 2 2 0 0 0
6367628 0 0 0 2 2 2 2 2 2 1 1 1
5802470 1 1 1 2 2 2 2 2 2 0 0 0
9291368 1 1 1 2 2 2 2 2 2 2 2 2
6863840 0 0 0 2 2 2 2 2 2 0 0 0
4815612 1 1 1 0 0 0 0 2 2 0 0 0
4474637 0 0 0 2 2 2 2 2 2 1 1 1
3241344 0 0 0 2 2 2 2 2 2 1 1 1
10346522 0 0 0 2 2 2 2 2 2 0 0 0
6545018 0 0 0 2 2 2 2 2 2 0 0 0
8504570 0 0 0 2 2 2 2 2 2 0 0 0
8234477 0 0 0 2 2 2 2 2 2 0 0 0
5021174 0 0 0 2 2 2 2 2 2 0 0 0
9881258 1 1 1 2 2 2 2 2 2 0 0 0
8621026 0 0 0 2 2 2 2 2 2 0 0 0
10480952 1 1 1 2 2 2 2 2 2 0 0 0
4247791 0 0 0 0 0 0 0 2 2 1 1 1
2162994 0 0 0 0 0 0 0 2 2 0 0 0
5610698 0 0 0 2 2 2 2 2 2 1 1 1
10031409 0 0 0 2 2 2 2 2 2 0 0 0
5080652 0 0 0 0 0 0 0 2 2 0 0 0
8095099 0 0 0 2 2 2 2 2 2 0 0 0
7919653 0 0 0 2 2 2 2 2 2 0 0 0
3327980 0 0 0 0 0 0 0 2 2 0 0 0
9520700 0 0 0 2 2 2 2 2 2 1 1 1
5024292 0 0 0 2 2 2 2 2 2 0 0 0
8098300 0 0 0 2 2 2 2 2 2 0 0 0
8957954 1 1 1 2 2 2 2 2 2 0 0 0
7033748 0 0 0 2 2 2 2 2 2 0 0 0
10491031 0 0 0 2 2 2 2 2 2 1 1 1
6521542 0 0 0 2 2 2 2 2 2 0 0 0
8301013 1 1 1 2 2 2 2 2 2 1 1 1
5816806 0 0 0 2 2 2 2 2 2 0 0 0
4285087 0 0 0 2 2 2 2 2 2 0 0 0
10208759 0 0 0 2 2 2 2 2 2 1 1 1
7025851 0 0 0 2 2 2 2 2 2 1 1 1
4346875 0 0 0 1 1 1 1 2 2 0 0 0
9635529 0 0 0 2 2 2 2 2 2 0 0 0
4947726 0 0 0 2 2 2 2 2 2 0 0 0
7691527 1 1 1 2 2 2 2 2 2 0 0 0
5738698 0 0 0 2 2 2 2 2 2 1 1 1
9529733 1 1 1 2 2 2 2 2 2 0 0 0
10156064 0 0 0 2 2 2 2 2 2 0 0 0
5649206 0 0 0 2 2 2 2 2 2 0 0 0
5310435 0 0 0 2 2 2 2 2 2 0 0 0
2449090 0 0 0 0 0 0 0 2 2 0 0 0
11233911 0 0 0 2 2 2 2 2 2 0 0 0
9652632 0 0 0 2 2 2 2 2 2 0 0 0
9873869 1 1 1 2 2 2 2 2 2 0 0 0
12004679 0 0 0 2 2 2 2 -1 -1 0 0 0
8316503 0 0 0 2 2 2 2 -1 -1 0 0 0
8736245 0 0 0 2 2 2 2 -1 -1 0 0 0
5530881 0 0 0 2 2 2 2 -1 -1 0 0 0
6591789 0 0 0 2 2 2 2 -1 -1 1 1 1
8780968 0 0 0 2 2 2 2 1 1 0 0 0
5016163 0 0 0 2 2 2 2 -1 -1 0 0 0
8374499 0 0 0 2 2 2 2 0 0 0 0 0
5462901 0 0 0 2 2 2 2 -1 -1 0 0 0
10486425 0 0 0 2 2 2 2 -1 -1 0 0 0
7369523 0 0 0 2 2 2 2 0 0 0 0 0
8953426 0 0 0 2 2 2 2 -1 -1 1 1 1
9971475 0 0 0 2 2 2 2 -1 -1 0 0 0
8299947 0 0 0 2 2 2 2 2 2 2 2 2
8845221 0 0 0 2 2 2 2 1 1 1 1 1
7129465 0 0 0 2 2 2 2 1 1 0 0 0
9777090 0 0 0 2 2 2 2 -1 -1 0 0 0
5730394 0 0 0 2 2 2 2 -1 -1 1 1 1
5181455 0 0 0 2 2 2 2 -1 -1 0 0 0
4445630 0 0 0 1 1 1 1 1 1 0 0 0
10490960 1 1 1 2 2 2 2 -1 -1 1 1 1
9936698 0 0 0 2 2 2 2 -1 -1 0 0 0
6449358 0 0 0 2 2 2 2 -1 -1 1 1 1
7750740 0 0 0 2 2 2 2 -1 -1 1 1 1
7376500 0 0 0 2 2 2 2 -1 -1 0 0 0
8618226 0 0 0 2 2 2 2 -1 -1 0 0 0
5266937 1 1 1 2 2 2 2 2 2 1 1 1
3439031 0 0 0 0 0 0 0 -1 -1 0 0 0
3838496 1 1 1 0 0 0 0 2 2 0 0 0
6233903 0 0 0 2 2 2 2 2 2 1 1 1
10095512 0 0 0 2 2 2 2 -1 -1 0 0 0
12071006 0 0 0 2 2 2 2 2 2 1 1 1
11455484 0 0 0 2 2 2 2 2 2 1 1 1
10385682 0 0 0 2 2 2 2 -1 -1 0 0 0
5359678 0 0 0 2 2 2 2 -1 -1 1 1 1
9029486 0 0 0 2 2 2 2 0 0 0 0 0
6182849 0 0 0 2 2 2 2 -1 -1 0 0 0
9714358 0 0 0 2 2 2 2 -1 -1 0 0 0
7125636 0 0 0 2 2 2 2 1 1 0 0 0
9179531 0 0 0 2 2 2 2 -1 -1 1 1 1
2973509 0 0 0 1 1 1 1 -1 -1 0 0 0
10965963 0 0 0 2 2 2 2 -1 -1 0 0 0
7960547 0 0 0 2 2 2 2 1 1 0 0 0
11198723 1 1 1 2 2 2 2 1 1 0 0 0
6766748 0 0 0 2 2 2 2 0 0 0 0 0
7362852 1 1 1 2 2 2 2 -1 -1 0 0 0
10259029 0 0 0 2 2 2 2 2 2 0 0 0
9944421 0 0 0 2 2 2 2 1 1 0 0 0
7128918 0 0 0 2 2 2 2 -1 -1 0 0 0
8128965 1 1 1 2 2 2 2 1 1 0 0 0
10794242 1 1 1 2 2 2 2 -1 -1 1 1 1
7938468 1 1 1 2 2 2 2 2 2 0 0 0
4753988 0 0 0 2 2 2 2 -1 -1 0 0 0
5736461 0 0 0 2 2 2 2 -1 -1 0 0 0
3248332 0 0 0 2 2 2 2 0 0 1 1 1
9762519 0 0 0 2 2 2 2 1 1 0 0 0
8285254 0 0 0 2 2 2 2 -1 -1 0 0 0
7970760 0 0 0 2 2 2 2 1 1 0 0 0
6927629 0 0 0 2 2 2 2 1 1 1 1 1
8364119 0 0 0 2 2 2 2 -1 -1 0 0 0
6949550 0 0 0 2 2 2 2 0 0 0 0 0
5731312 0 0 0 2 2 2 2 -1 -1 0 0 0
3348093 0 0 0 2 2 2 2 1 1 0 0 0
11071207 0 0 0 2 2 2 2 0 0 0 0 0
12013615 0 0 0 2 2 2 2 -1 -1 0 0 0
12470530 0 0 0 2 2 2 2 -1 -1 0 0 0
9098810 1 1 1 2 2 2 2 -1 -1 0 0 0
9411317 0 0 0 2 2 2 2 0 0 0 0 0
5817566 0 0 0 2 2 2 2 -1 -1 0 0 0
8701327 1 1 1 2 2 2 2 -1 -1 0 0 0
7816680 0 0 0 2 2 2 2 -1 -1 0 0 0
10031808 0 0 0 2 2 2 2 -1 -1 0 0 0
11391181 0 0 0 2 2 2 2 -1 -1 0 0 0
7898576 0 0 0 2 2 2 2 -1 -1 1 1 1
8590780 0 0 0 2 2 2 2 -1 -1 0 0 0
5284133 0 0 0 2 2 2 2 -1 -1 0 0 0
9775253 0 0 0 2 2 2 2 -1 -1 0 0 0
4839180 0 0 0 2 2 2 2 -1 -1 1 1 1
8589754 0 0 0 2 2 2 2 -1 -1 0 0 0
10026136 0 0 0 2 2 2 2 1 1 0 0 0
7597703 0 0 0 2 2 2 2 0 0 0 0 0
10296163 0 0 0 2 2 2 2 -1 -1 0 0 0
3735629 0 0 0 0 0 0 0 -1 -1 0 0 0
7877824 0 0 0 2 2 2 2 2 2 0 0 0
4737302 0 0 0 2 2 2 2 1 1 0 0 0
5781192 0 0 0 2 2 2 2 -1 -1 0 0 0
5738506 0 0 0 2 2 2 2 2 2 0 0 0
4737267 0 0 0 2 2 2 2 1 1 0 0 0
3865298 0 0 0 2 2 2 2 -1 -1 0 0 0
5347784 0 0 0 2 2 2 2 -1 -1 0 0 0
10275887 0 0 0 2 2 2 2 -1 -1 1 1 1
4076952 0 0 0 2 2 2 2 -1 -1 0 0 0
8984706 0 0 0 2 2 2 2 -1 -1 0 0 0
9412462 0 0 0 2 2 2 2 -1 -1 0 0 0
5393558 0 0 0 2 2 2 2 0 0 0 0 0
3120320 0 0 0 0 0 0 0 1 1 1 1 1
11409698 0 0 0 2 2 2 2 -1 -1 0 0 0
8296467 0 0 0 2 2 2 2 -1 -1 0 0 0
2306740 0 0 0 0 0 0 0 1 1 0 0 0
11619964 0 0 0 2 2 2 2 1 1 0 0 0
7257373 0 0 0 2 2 2 2 -1 -1 0 0 0
9353182 0 0 0 2 2 2 2 -1 -1 1 1 1
9636559 0 0 0 2 2 2 2 2 2 0 0 0
4352168 0 0 0 0 0 0 0 -1 -1 0 0 0
10711551 0 0 0 2 2 2 2 -1 -1 0 0 0
6548447 0 0 0 2 2 2 2 1 1 0 0 0
11285625 0 0 0 2 2 2 2 -1 -1 0 0 0
6594972 0 0 0 2 2 2 2 -1 -1 0 0 0
8935352 0 0 0 2 2 2 2 -1 -1 0 0 0
8263746 0 0 0 2 2 2 2 2 2 0 0 0
5632781 1 1 1 2 2 2 2 1 1 0 0 0
7846730 0 0 0 2 2 2 2 -1 -1 0 0 0
9468384 0 0 0 2 2 2 2 2 2 1 1 1
4245897 0 0 0 1 1 1 1 2 2 0 0 0
5473556 0 0 0 2 2 2 2 -1 -1 0 0 0
6610219 0 0 0 2 2 2 2 1 1 0 0 0
9025914 0 0 0 2 2 2 2 2 2 0 0 0
8621353 0 0 0 2 2 2 2 2 2 0 0 0
8453191 0 0 0 2 2 2 2 -1 -1 0 0 0
9665503 0 0 0 2 2 2 2 -1 -1 0 0 0
11073223 1 1 1 2 2 2 2 -1 -1 0 0 0
5955321 0 0 0 2 2 2 2 -1 -1 0 0 0
8479386 0 0 0 2 2 2 2 -1 -1 0 0 0
8414159 0 0 0 2 2 2 2 -1 -1 1 1 1
2852560 0 0 0 0 0 0 0 -1 -1 0 0 0
6301030 0 0 0 2 2 2 2 2 2 0 0 0
10454401 0 0 0 2 2 2 2 1 1 0 0 0
11499757 0 0 0 2 2 2 2 -1 -1 0 0 0
6029130 0 0 0 2 2 2 2 -1 -1 0 0 0
5871918 0 0 0 2 2 2 2 -1 -1 0 0 0
8312222 0 0 0 2 2 2 2 2 2 0 0 0
3953106 0 0 0 2 2 2 2 0 0 0 0 0
10274244 0 0 0 2 2 2 2 -1 -1 0 0 0
11704044 0 0 0 2 2 2 2 -1 -1 0 0 0
3102024 0 0 0 0 0 0 0 1 1 0 0 0
12459731 0 0 0 2 2 2 2 2 2 0 0 0
9509207 0 0 0 2 2 2 2 1 1 0 0 0
10936427 0 0 0 2 2 2 2 -1 -1 0 0 0
2437452 0 0 0 2 2 2 2 -1 -1 0 0 0
6286161 0 0 0 2 2 2 2 2 2 0 0 0
7200102 0 0 0 2 2 2 2 -1 -1 0 0 0
9344623 0 0 0 2 2 2 2 -1 -1 0 0 0
7118545 0 0 0 2 2 2 2 -1 -1 0 0 0
4678171 1 1 1 2 2 2 2 2 2 0 0 0
8111622 0 0 0 2 2 2 2 -1 -1 1 1 1
6841577 0 0 0 2 2 2 2 -1 -1 0 0 0
4372765 0 0 0 2 2 2 2 2 2 0 0 0
6233466 0 0 0 2 2 2 2 -1 -1 0 0 0
2580872 0 0 0 0 0 0 0 -1 -1 0 0 0
9291748 0 0 0 2 2 2 2 -1 -1 0 0 0
9965206 0 0 0 2 2 2 2 1 1 0 0 0
5622250 0 0 0 2 2 2 2 -1 -1 0 0 0
8356054 0 0 0 2 2 2 2 -1 -1 0 0 0
9001468 0 0 0 2 2 2 2 -1 -1 0 0 0
6522750 0 0 0 2 2 2 2 -1 -1 0 0 0
6131659 0 0 0 2 2 2 2 -1 -1 0 0 0
5807579 0 0 0 2 2 2 2 -1 -1 0 0 0
12316447 0 0 0 2 2 2 2 -1 -1 0 0 0
4932691 0 0 0 2 2 2 2 -1 -1 0 0 0
10992733 1 1 1 2 2 2 2 -1 -1 0 0 0
7021177 0 0 0 2 2 2 2 -1 -1 0 0 0
9119405 0 0 0 2 2 2 2 -1 -1 0 0 0
8711548 0 0 0 2 2 2 2 -1 -1 0 0 0
2437149 0 0 0 2 2 2 2 2 2 0 0 0
3341934 0 0 0 0 0 0 0 -1 -1 0 0 0
9777062 0 0 0 2 2 2 2 -1 -1 0 0 0
8690001 0 0 0 2 2 2 2 0 0 2 2 2
10753734 0 0 0 2 2 2 2 -1 -1 0 0 0
10518735 0 0 0 2 2 2 2 2 2 0 0 0
11235323 0 0 0 2 2 2 2 -1 -1 0 0 0
7436177 0 0 0 2 2 2 2 -1 -1 0 0 0
6449552 0 0 0 2 2 2 2 1 1 0 0 0
7105574 0 0 0 2 2 2 2 -1 -1 0 0 0
9284741 0 0 0 2 2 2 2 1 1 0 0 0
9837578 0 0 0 2 2 2 2 -1 -1 0 0 0
8569819 0 0 0 2 2 2 2 -1 -1 1 1 1
7122259 0 0 0 2 2 2 2 -1 -1 0 0 0
9673173 0 0 0 2 2 2 2 -1 -1 1 1 1
5193386 1 1 1 2 2 2 2 -1 -1 0 0 0
5460835 0 0 0 2 2 2 2 -1 -1 0 0 0
9474969 0 0 0 2 2 2 2 -1 -1 0 0 0
4252226 0 0 0 0 0 0 0 -1 -1 0 0 0
4633434 1 1 1 0 0 0 0 -1 -1 0 0 0
10491554 0 0 0 2 2 2 2 2 2 0 0 0
5986209 0 0 0 2 2 2 2 2 2 0 0 0
6672229 0 0 0 2 2 2 2 -1 -1 0 0 0
9658118 0 0 0 2 2 2 2 2 2 1 1 1
7821010 0 0 0 2 2 2 2 1 1 0 0 0
10849244 0 0 0 2 2 2 2 0 0 0 0 0
7670617 0 0 0 2 2 2 2 -1 -1 0 0 0
10215422 0 0 0 2 2 2 2 -1 -1 0 0 0
12302391 0 0 0 2 2 2 2 -1 -1 0 0 0
10651945 0 0 0 2 2 2 2 1 1 0 0 0
4773155 0 0 0 2 2 2 2 -1 -1 0 0 0
5553624 0 0 0 2 2 2 2 -1 -1 0 0 0
6147573 0 0 0 2 2 2 2 1 1 0 0 0
3858884 0 0 0 2 2 2 2 1 1 0 0 0
12356914 0 0 0 2 2 2 2 0 0 0 0 0
8572936 0 0 0 2 2 2 2 -1 -1 0 0 0
7668648 0 0 0 2 2 2 2 -1 -1 0 0 0
8973000 0 0 0 2 2 2 2 -1 -1 0 0 0
7136958 0 0 0 2 2 2 2 -1 -1 0 0 0
6307537 0 0 0 2 2 2 2 1 1 0 0 0
6431670 0 0 0 2 2 2 2 1 1 0 0 0
6778289 1 1 1 2 2 2 2 -1 -1 0 0 0
3098194 0 0 0 0 0 0 0 -1 -1 0 0 0
4847832 0 0 0 2 2 2 2 1 1 0 0 0
6042663 0 0 0 2 2 2 2 -1 -1 0 0 0
4540632 0 0 0 0 0 0 0 1 1 0 0 0
8183389 0 0 0 2 2 2 2 -1 -1 0 0 0
10352603 0 0 0 2 2 2 2 -1 -1 0 0 0
11923819 0 0 0 2 2 2 2 -1 -1 0 0 0
8773948 0 0 0 2 2 2 2 -1 -1 0 0 0
3323289 0 0 0 0 0 0 0 1 1 0 0 0
7121885 0 0 0 2 2 2 2 -1 -1 0 0 0
6877673 0 0 0 2 2 2 2 2 2 0 0 0
8314801 0 0 0 2 2 2 2 1 1 0 0 0
12306808 0 0 0 2 2 2 2 1 1 0 0 0
7677005 0 0 0 2 2 2 2 0 0 0 0 0
9907505 0 0 0 2 2 2 2 -1 -1 0 0 0
10909274 0 0 0 2 2 2 2 -1 -1 0 0 0
6864859 0 0 0 2 2 2 2 1 1 0 0 0
12644769 0 0 0 2 2 2 2 -1 -1 0 0 0
8553907 0 0 0 2 2 2 2 -1 -1 0 0 0
5392897 0 0 0 2 2 2 2 2 2 0 0 0
12217907 0 0 0 2 2 2 2 1 1 0 0 0
8378922 1 1 1 2 2 2 2 -1 -1 1 1 1
8700506 1 1 1 2 2 2 2 1 1 0 0 0
7541502 0 0 0 2 2 2 2 -1 -1 0 0 0
9818732 0 0 0 2 2 2 2 -1 -1 0 0 0
10420279 0 0 0 2 2 2 2 1 1 0 0 0
11959569 0 0 0 2 2 2 2 -1 -1 0 0 0
4247023 0 0 0 0 0 0 0 -1 -1 0 0 0
8610483 0 0 0 2 2 2 2 1 1 0 0 0
2442084 0 0 0 0 0 0 0 -1 -1 0 0 0
12208887 0 0 0 2 2 2 2 -1 -1 0 0 0
8129189 0 0 0 2 2 2 2 -1 -1 0 0 0
10920813 0 0 0 2 2 2 2 -1 -1 1 1 1
10751515 1 1 1 2 2 2 2 -1 -1 0 0 0
10345862 0 0 0 2 2 2 2 1 1 0 0 0
7620844 0 0 0 2 2 2 2 1 1 0 0 0
11966557 0 0 0 2 2 2 2 1 1 0 0 0
4375101 0 0 0 2 2 2 2 1 1 0 0 0
4075064 0 0 0 2 2 2 2 1 1 0 0 0
5036966 1 1 1 2 2 2 2 1 1 0 0 0
4736208 0 0 0 0 0 0 0 -1 -1 0 0 0
11615481 0 0 0 2 2 2 2 -1 -1 0 0 0
11249624 0 0 0 2 2 2 2 1 1 0 0 0
7132542 0 0 0 2 2 2 2 2 2 0 0 0
3247294 0 0 0 2 2 2 2 -1 -1 0 0 0
10015516 0 0 0 2 2 2 2 -1 -1 1 1 1
7847927 0 0 0 2 2 2 2 -1 -1 0 0 0
9837544 0 0 0 2 2 2 2 -1 -1 0 0 0
4661634 0 0 0 2 2 2 2 -1 -1 0 0 0
5535280 0 0 0 2 2 2 2 1 1 0 0 0
6525209 0 0 0 2 2 2 2 -1 -1 0 0 0
6307062 0 0 0 2 2 2 2 1 1 0 0 0
2576692 0 0 0 0 0 0 0 2 2 0 0 0
12643582 0 0 0 2 2 2 2 2 2 0 0 0
8414914 0 0 0 2 2 2 2 2 2 0 0 0
8044608 0 0 0 2 2 2 2 1 1 0 0 0
3970117 0 0 0 2 2 2 2 -1 -1 0 0 0
11671429 0 0 0 2 2 2 2 2 2 0 0 0
3428468 0 0 0 1 1 1 1 -1 -1 0 0 0
3644542 0 0 0 0 0 0 0 1 1 0 0 0
5264304 0 0 0 2 2 2 2 -1 -1 0 0 0
9028474 0 0 0 2 2 2 2 -1 -1 0 0 0
5456023 0 0 0 2 2 2 2 2 2 0 0 0
10292238 0 0 0 2 2 2 2 -1 -1 0 0 0
4824268 0 0 0 2 2 2 2 -1 -1 0 0 0
8868907 0 0 0 2 2 2 2 -1 -1 0 0 0
5217733 0 0 0 2 2 2 2 -1 -1 0 0 0
9246715 0 0 0 2 2 2 2 2 2 0 0 0
8760135 0 0 0 2 2 2 2 1 1 0 0 0
4659255 0 0 0 2 2 2 2 1 1 0 0 0
2307206 0 0 0 0 0 0 0 -1 -1 0 0 0
9656397 0 0 0 2 2 2 2 -1 -1 0 0 0
4578594 0 0 0 2 2 2 2 -1 -1 0 0 0
4054905 0 0 0 2 2 2 2 2 2 0 0 0
7456521 0 0 0 2 2 2 2 2 2 0 0 0
11769146 0 0 0 2 2 2 2 -1 -1 0 0 0
10748621 0 0 0 2 2 2 2 -1 -1 0 0 0
6756202 0 0 0 2 2 2 2 -1 -1 0 0 0
8668810 0 0 0 2 2 2 2 1 1 0 0 0
8410637 0 0 0 2 2 2 2 -1 -1 0 0 0
7117003 0 0 0 2 2 2 2 1 1 0 0 0
10858117 0 0 0 2 2 2 2 -1 -1 0 0 0
4586482 0 0 0 2 2 2 2 2 2 0 0 0
6422170 0 0 0 2 2 2 2 -1 -1 0 0 0
10091703 0 0 0 2 2 2 2 -1 -1 0 0 0
9517991 0 0 0 2 2 2 2 -1 -1 0 0 0
8005892 0 0 0 2 2 2 2 1 1 0 0 0
11961695 0 0 0 2 2 2 2 -1 -1 2 2 2
